1190200701 2 
1190200702 3 
1190200703 4 
1190200704 5 
1190200705 1 
1190200706 2 
1190200707 3 
1190200708 4 
1190200709 5 
1190200710 1 
1190200711 2 
1190200712 3 
1190200713 4 
1190200714 5 
1190200715 1 
1190200716 2 
1190200717 3 
1190200718 4 
1190200719 5 
1190200720 1 
1190200721 2 
1190200722 3 
1190200723 4 
1190200724 5 
1190200725 1 
1190200726 2 
1190200727 3 
1190200728 4 
1190200729 5 
1190200730 1 
1190200731 2 
1190200732 3 
1190200733 4 
1190200734 5 
1190200735 1 
1190200736 2 
1190200737 3 
1190200738 4 
1190200739 5 
1190200740 1 
1190200741 2 
1190200742 3 
1190200743 4 
1190200744 5 
1190200745 1 
1190200746 2 
1190200747 3 
1190200748 4 
1190200749 5 
1190200750 1 
1190200751 2 
1190200752 3 
1190200753 4 
1190200754 5 
1190200755 1 
1190200756 2 
1190200757 3 
1190200758 4 
1190200759 5 
1190200760 1 
1190200761 2 
1190200762 3 
1190200763 4 
1190200764 5 
1190200765 1 
1190200766 2 
1190200767 3 
1190200768 4 
1190200769 5 
1190200770 1 
1190200771 2 
1190200772 3 
1190200773 4 
1190200774 5 
1190200775 1 
1190200776 2 
1190200777 3 
1190200778 4 
1190200779 5 
1190200780 1 
1190200781 2 
1190200782 3 
1190200783 4 
1190200784 5 
1190200785 1 
1190200786 2 
1190200787 3 
1190200788 4 
1190200789 5 
1190200790 1 
1190200791 2 
1190200792 3 
1190200793 4 
1190200794 5 
1190200795 1 
1190200796 2 
1190200797 3 
1190200798 4 
1190200799 5 
1190200800 1 
1190200801 2 
1190200802 3 
1190200803 4 
1190200804 5 
1190200805 1 
1190200806 2 
1190200807 3 
1190200808 4 
1190200809 5 
1190200810 1 
1190200811 2 
1190200812 3 
1190200813 4 
1190200814 5 
1190200815 1 
1190200816 2 
1190200817 3 
1190200818 4 
1190200819 5 
1190200820 1 
1190200821 2 
1190200822 3 
1190200823 4 
1190200824 5 
1190200825 1 
1190200826 2 
1190200827 3 
1190200828 4 
1190200829 5 
1190200830 1 
1190200831 2 
1190200832 3 
1190200833 4 
1190200834 5 
1190200835 1 
1190200836 2 
1190200837 3 
1190200838 4 
1190200839 5 
1190200840 1 
1190200841 2 
1190200842 3 
1190200843 4 
1190200844 5 
1190200845 1 
1190200846 2 
1190200847 3 
1190200848 4 
1190200849 5 
1190200850 1 
1190200851 2 
1190200852 3 
1190200853 4 
1190200854 5 
1190200855 1 
1190200856 2 
1190200857 3 
1190200858 4 
1190200859 5 
1190200860 1 
1190200861 2 
1190200862 3 
1190200863 4 
1190200864 5 
1190200865 1 
1190200866 2 
1190200867 3 
1190200868 4 
1190200869 5 
1190200870 1 
1190200871 2 
1190200872 3 
1190200873 4 
1190200874 5 
1190200875 1 
1190200876 2 
1190200877 3 
1190200878 4 
1190200879 5 
1190200880 1 
1190200881 2 
1190200882 3 
1190200883 4 
1190200884 5 
1190200885 1 
1190200886 2 
1190200887 3 
1190200888 4 
1190200889 5 
1190200890 1 
1190200891 2 
1190200892 3 
1190200893 4 
1190200894 5 
1190200895 1 
1190200896 2 
1190200897 3 
1190200898 4 
1190200899 5 
1190200900 1 
